A=[1 -2 -1/2
    -2 1 1
    0 0 2];
B=[1 -1 0
    0 3 0
    0 0 1];
C=A*(B^-1);
P1=[-1 -2 -1
    2 1 2
    4 0 0];
P2=[0 -1 1
    0 3 0
    1 0 0];
P=P1*(P2^-1);
