1,0.00040551538823684,0.00111154465897821,0.642670427245067,0.000118872238160349,0.0143331941517404,0.281927941503488,0.500848854667213
0.00040551538823684,1,0.000814747066802762,0.75319326740838,0.000507209425400687,0.00582960167777503,0.101429701561316,0.430989469616318
0.00111154465897821,0.000814747066802762,1,0.586479655223479,0.000251601649169091,0.00616594319261199,0.174053344849727,0.483111356458364
0.642670427245067,0.75319326740838,0.586479655223479,1,0.560904798196059,0.746450538081999,0.448367728625944,0.0315218765672345
0.000118872238160349,0.000507209425400687,0.000251601649169091,0.560904798196059,1,0.00788198429538881,0.264177864178293,0.499973775397332
0.0143331941517404,0.00582960167777503,0.00616594319261199,0.746450538081999,0.00788198429538881,1,0.0609071142478227,0.0895559830389686
0.281927941503488,0.101429701561316,0.174053344849727,0.448367728625944,0.264177864178293,0.0609071142478227,1,0.173555834283312
0.500848854667213,0.430989469616318,0.483111356458364,0.0315218765672345,0.499973775397332,0.0895559830389686,0.173555834283312,1
