1,-0.469354593615519,0.241729211750881,-0.321297122207591,0.551151693059838,-0.916897384317296,-0.242031821604329
-0.469354593615519,1,0.152448522528942,0.668043747691313,-0.526602766107296,0.459387168298097,0.0932330654446192
0.241729211750881,0.152448522528942,1,0.28864744567066,0.660604747831605,-0.520460270404909,-0.930546051770199
-0.321297122207591,0.668043747691313,0.28864744567066,1,-0.469993092729625,0.142347625182543,0.0363691682120892
0.551151693059838,-0.526602766107296,0.660604747831605,-0.469993092729625,1,-0.716129379597795,-0.852452437867444
-0.916897384317296,0.459387168298097,-0.520460270404909,0.142347625182543,-0.716129379597795,1,0.516163392359251
-0.242031821604329,0.0932330654446191,-0.930546051770199,0.0363691682120892,-0.852452437867444,0.516163392359251,1
