1,-0.965879500183221,0.948737226173309,0.215449930308454,0.979174490045065,-0.854437468962275,0.474559191332595,0.308491399101145
-0.965879500183221,1,-0.95478650513135,-0.14696307587589,-0.96265858063976,0.899446787736057,-0.667392786686088,-0.357592501693732
0.948737226173309,-0.95478650513135,1,0.251457552610924,0.971846227369402,-0.897111863858089,0.578037474761113,0.320707841416851
0.215449930308454,-0.14696307587589,0.251457552610924,1,0.268188161445106,0.151070946724257,-0.345118632240929,-0.797908105018104
0.979174490045065,-0.96265858063976,0.971846227369402,0.268188161445106,1,-0.886218317383346,0.490114261951192,0.309090471077777
-0.854437468962275,0.899446787736057,-0.897111863858089,0.151070946724257,-0.886218317383346,1,-0.732984237092627,-0.684880618387346
0.474559191332595,-0.667392786686088,0.578037474761113,-0.345118632240929,0.490114261951192,-0.732984237092627,1,0.578577199139925
0.308491399101145,-0.357592501693732,0.320707841416851,-0.797908105018104,0.309090471077777,-0.684880618387346,0.578577199139925,1
